4444444444444444444444444444444444444444444444444444444444444444
4444444444444444444444444444444444444444444444444444884488448844
44F4F4F4F4F4F4F4F4F4F4F4F4F4F4F4F4F4F4F4F4F4F4444444884488448844
4444444444444444444444444444444444444444444444444444444444444444
4444444444444444444444444444444444444444444444444444444444444444
4444444444444444444444444444444444444444444444444444444444444444
4444444444444444444444444444444444444444444444444444444444444444
4444444444444444444444444444444444444444444444444444444444444444
4444444433333333333333333333333333333333333333334444444444444444
4444444433333333333333333333333333333333333333334444444444444444
4444444433333333333333333333333333333333333333334444444444444444
4444444433333333333333333333333333333333333333334444444444444444
4444444433333333333333333333333333333333333333334444444444444444
4444444433333333333333333333333333333333333333334444444444444444
4444444433333333333333333333333333333333333333334444444444444444
4444444433333333333333333333333333333333333333334444444444444444
4444444433333333444444443333333355555555333333333333333344444444
4444444433333333444444443333333355555555333333333333333344444444
4444444433333333444444443333333355995555333333333333333344444444
4444444433333333444444443333333355995555333333333333333344444444
4444444433333333444444443333333355550055333333333333333344444444
4444444433333333444444443333333355550055333333333333333344444444
4444444433333333444444443333333355000000333333333333333344444444
4444444433333333444444443333333355000000333333333333333344444444
4444444433333333444444443333333333333333333333333333333344444444
4444444433333333444444443333333333333333333333333333333344444444
4444444433333333444444443333333333333333333333333333333344444444
4444444433333333444444443333333333333333333333333333333344444444
4444444433333333444444443333333333333333333333333333333344444444
4444444433333333444444443333333333333333333333333333333344444444
4444444433333333444444443333333333333333333333333333333344444444
4444444433333333444444443333333333333333333333333333333344444444
4444444433333333333333333333333399333333333333333333333344444444
4444444433333333333333333333333399333333333333333333333344444444
4444444433333333333333333333333333000033333333333333333344444444
4444444433333333333333333333333333000033333333333333333344444444
4444444433333333333333333333333333003333333333333333333344444444
4444444433333333333333333333333333003333333333333333333344444444
4444444433333333333333333333333333333333333333333333333344444444
4444444433333333333333333333333333333333333333333333333344444444
4444444444444444333333333333333333333333333333333333333344444444
4444444444444444333333333333333333333333333333333333333344444444
4444444444444444333333333333333333333333333333333333333344444444
4444444444444444333333333333333333333333333333333333333344444444
4444444444444444333333333333333333333333333333333333333344444444
4444444444444444333333333333333333333333333333333333333344444444
4444444444444444333333333333333333333333333333333333333344444444
4444444444444444333333333333333333333333333333333333333344444444
4444444444444444444444444444444433333333CCCCCCCC3333333344444444
4444444444444444444444444444444433333333CCCCCCCC3333333344444444
4444444444444444444444444444444433333333999999993333333344444444
4444444444444444444444444444444433333333999999993333333344444444
4444444444444444444444444444444433333333999999993333333344444444
4444444444444444444444444444444433333333999999993333333344444444
4999000444444444444444444444444433333333999999993333333344444444
4999000444444444444444444444444433333333999999993333333344444444
4999000444444444444444444444444444444444444444444444444444444444
4444000444444444444444444444444444444444444444444444444444444444
4444000444444444444444444444444444444444444444444444444444444444
4444000444444444444444444444444444444444444444444444444444444444
4444000000444444444444444444444444444444444444444444444444444444
4444000000444444444444444444444444444444444444444444444444444444
4444000000443333433334333343333433334333343333433334444444444444
4444444444444444444444444444444444444444444444444444444444444444